41
6334
3445
11478
2498
5705
6454
141
2995
4827
3183
77
292
17421
19718
5447
3233
1869
25667
7141
4892
989
3681
7430
781
25547
32662
7178
8723
299
176
86
288
98
19264
3641
2432
9020
15006
3105
7006
4130
6916
4966
13931
16944
1980
5537
1544
6388
4833
4639
2844
141
9287
5021
7852
441
11204
5097
10696
9161
22355
8081
4031
900
16941
246
916
6670
3170
6987
6036
2935
5633
6422
1446
16413
900
557
4692
7087
2099
3349
3602
10291
9374
4596
4149
19668
3547
53
26418
3112
381
3728
2165
860
1076
3785
6693
1484
4853
16519
22798
6224
5844
14989
3195
3093
370
805
7448
222
784
14798
19589
852
20472
6246
6038
18190
1767
19815
7645
398
4217
20328
1932
18875
9727
1188
21881
10322
4322
3557
3503
5075
90
21003
3173
3612
15255
5002
3612
27088
4860
9832
2015
8532
19976
2368
315
3434
7441
12085
2953
3716
16279
4158
5112
6917
193
3297
12181
8206
12455
6413
10645
5786
4313
11132
912
1832
4313
8763
23646
481
2974
646
5535
707
12044
26292
17253
26154
4745
4873
4474
2168
8882
3176
2952
4407
9314
3460
4213
11833
7487
